a=7+16, b=sin(a), c=sinh(a)

a =

    23


b =

   -0.8462


c =

   4.8724e+09

8/(9+10^2)+11/12*13/14

ans =

    0.9246

8/(9+10^2)+11/12*13/14

ans =

    0.9246


diary on
a=7+16, b=sin(a), c=sinh(a)

a =

    23


b =

   -0.8462


c =

   4.8724e+09

8/(9+10^2)+11/12*13/14

ans =

    0.9246

8/9+10^2+11/12*13/14

ans =

  101.7401

diary off
